png_filename,original_page_number
page-001.png,125
page-002.png,127
page-003.png,129
page-004.png,131
page-005.png,133
page-006.png,135
page-007.png,137
page-008.png,139
page-009.png,141
page-010.png,143
page-011.png,145
page-012.png,147
page-013.png,149
page-014.png,151
page-015.png,153
page-016.png,155
page-017.png,157
page-018.png,159
page-019.png,161
page-020.png,163
page-021.png,165
page-022.png,167
page-023.png,169
page-024.png,171
page-025.png,173
page-026.png,175
page-027.png,177
page-028.png,179
page-029.png,181
page-030.png,183
page-031.png,185
page-032.png,187
page-033.png,189
page-034.png,191
page-035.png,193
page-036.png,195
page-037.png,197
page-038.png,199
page-039.png,201
page-040.png,203
page-041.png,205
page-042.png,207
page-043.png,209
page-044.png,211
page-045.png,213
page-046.png,215
page-047.png,217
page-048.png,219
page-049.png,221
page-050.png,223
page-051.png,225
page-052.png,227
page-053.png,229
page-054.png,231
page-055.png,233
page-056.png,235
page-057.png,237
page-058.png,239
page-059.png,241
page-060.png,243
page-061.png,245
page-062.png,247
page-063.png,249
page-064.png,251
page-065.png,253
page-066.png,255
page-067.png,257
page-068.png,259
page-069.png,261
page-070.png,263
page-071.png,265
page-072.png,267
page-073.png,269
page-074.png,271
page-075.png,273
page-076.png,275
page-077.png,277
page-078.png,279
page-079.png,281
page-080.png,283
page-081.png,285
page-082.png,287
page-083.png,289
page-084.png,291
page-085.png,293
page-086.png,295
page-087.png,297
page-088.png,299
page-089.png,301
page-090.png,303
page-091.png,305
page-092.png,307
page-093.png,309
page-094.png,311
page-095.png,313
page-096.png,315
page-097.png,317
page-098.png,319
page-099.png,321
page-100.png,323
page-101.png,325
page-102.png,327
page-103.png,329
page-104.png,331
page-105.png,333
page-106.png,335
page-107.png,337
page-108.png,339
page-109.png,341
page-110.png,343
page-111.png,345
page-112.png,347
page-113.png,349
page-114.png,351
page-115.png,353
page-116.png,355
page-117.png,357
page-118.png,359
page-119.png,361
page-120.png,363
page-121.png,365
page-122.png,367
page-123.png,369
page-124.png,371
page-125.png,373
page-126.png,375
page-127.png,377
page-128.png,379
page-129.png,381
page-130.png,383
page-131.png,385
page-132.png,387
page-133.png,389
page-134.png,391
